{
  "n_types": 4,
  "pi": [
    0.12170395286343308,
    0.17804835068180308,
    0.2836582572748789,
    0.41658943917988495
  ],
  "theta": {
    "1": [
      [
        0.09282931591705453,
        0.2277367742400071,
        0.28134955376578524,
        0.2799053283328607,
        0.11817902774429243
      ],
      [
        0.005502117862671503,
        0.017654281332922118,
        0.14476128692063678,
        0.3438472037340908,
        0.4882351101496788
      ],
      [
        0.0031328529815426494,
        0.012270121007589592,
        0.13336901149289232,
        0.3906489526700452,
        0.46057906184793035
      ],
      [
        0.00784952976203194,
        0.03092699140206384,
        0.18684454601901082,
        0.4389100739044528,
        0.33546885891244044
      ]
    ],
    "2": [
      [
        0.10471838451358448,
        0.2695427399457715,
        0.3147836738348641,
        0.23995541566236786,
        0.07099978604341205
      ],
      [
        0.051388197683068945,
        0.033318575883112635,
        0.21253400370104034,
        0.5036488715429946,
        0.19911035118978343
      ],
      [
        0.03125965192519474,
        0.11216014360937719,
        0.36285403371164937,
        0.4118354792077049,
        0.08189069154607376
      ],
      [
        0.08850834774948035,
        0.21559865793880267,
        0.44412864258203255,
        0.22896515748971275,
        0.022799194239971572
      ]
    ],
    "3": [
      [
        0.180807044870103,
        0.15244652492086902,
        0.4335018859473364,
        0.15733191970686772,
        0.07591262455482392
      ],
      [
        0.05439256635827023,
        0.10614935429203091,
        0.3065833448691395,
        0.2841731977804111,
        0.24870153670014813
      ],
      [
        0.06236697481832544,
        0.1368630024806489,
        0.4028694982222347,
        0.296479031910836,
        0.10142149256795487
      ],
      [
        0.12572810481259725,
        0.2860412242219882,
        0.40807660909477655,
        0.14475064339228058,
        0.03540341847835748
      ]
    ],
    "4": [
      [
        0.4182567159730529,
        0.3074529861535383,
        0.14563362231514004,
        0.06883546443586012,
        0.0598212111224086
      ],
      [
        0.14863851751288168,
        0.14076790406260667,
        0.4108920136560771,
        0.18532993960350486,
        0.11437162516492971
      ],
      [
        0.10223564157585964,
        0.17692733742369715,
        0.3037155359220051,
        0.32033021859832156,
        0.09679126648011652
      ],
      [
        0.09252697643054698,
        0.3453475258941768,
        0.41953789912204065,
        0.13165590272793284,
        0.010931695825302672
      ]
    ],
    "5": [
      [
        0.22706435022208862,
        0.2865433409044295,
        0.1839011431601344,
        0.23037498341586596,
        0.07211618229748151
      ],
      [
        0.034885108189892745,
        0.06915960053381852,
        0.1592875840258447,
        0.5672996338678885,
        0.16936807338255547
      ],
      [
        0.04719684118473835,
        0.07242583445226128,
        0.5173376252495644,
        0.3145807905474167,
        0.04845890856601921
      ],
      [
        0.15472217580642694,
        0.3042607407763001,
        0.39508599259696514,
        0.11336388087113528,
        0.03256720994917252
      ]
    ],
    "6": [
      [
        0.017686917346390215,
        0.036403466155530924,
        0.2518989751201441,
        0.3116766536676191,
        0.38233398771031557
      ],
      [
        0.033197750129329746,
        0.09175714038641794,
        0.17439080424730824,
        0.2466022067009616,
        0.45405209853598244
      ],
      [
        0.00754406132154489,
        0.04989233342516756,
        0.19570532421813913,
        0.46195887632910426,
        0.2848994047060441
      ],
      [
        0.023058175390213247,
        0.07362939942675555,
        0.2505720235003742,
        0.42456318466863524,
        0.22817721701402177
      ]
    ],
    "7": [
      [
        0.1451731093028614,
        0.12689116726107325,
        0.21541692496231454,
        0.41096682115121524,
        0.10155197732253561
      ],
      [
        0.026000227851221906,
        0.03975166583328384,
        0.18851427580292868,
        0.3204245978324084,
        0.4253092326801573
      ],
      [
        0.0423127833325116,
        0.06013293914571345,
        0.36799224006211456,
        0.4108764363732675,
        0.11868560108639292
      ],
      [
        0.04560179024790743,
        0.17035201193237495,
        0.48538643075651383,
        0.2587393774343965,
        0.03992038962880728
      ]
    ],
    "9": [
      [
        0.14172731238643554,
        0.21671857341359035,
        0.3470510199667821,
        0.1524297603105569,
        0.14207333392263494
      ],
      [
        0.10838223664096172,
        0.10241185287658387,
        0.13670343050299508,
        0.5435722749647646,
        0.10893020501469483
      ],
      [
        0.09763639035478719,
        0.17925143643739702,
        0.4657817699953901,
        0.23142287041286633,
        0.025907532799559357
      ],
      [
        0.2403124961300699,
        0.415051163635087,
        0.22817468348684347,
        0.09683831676455822,
        0.019623339983441363
      ]
    ],
    "10": [
      [
        0.0424700918994777,
        0.10537548999127715,
        0.12615002978388212,
        0.404314644760136,
        0.321689743565227
      ],
      [
        0.017466544378773957,
        0.0720881298891198,
        0.19294105704203077,
        0.47437664484959036,
        0.24312762384048506
      ],
      [
        0.005411845745238828,
        0.04805907842530781,
        0.276025393926337,
        0.5161722560684286,
        0.15433142583468776
      ],
      [
        0.03048336031779671,
        0.14843625807076255,
        0.453180283869172,
        0.3306239666834011,
        0.03727613105886765
      ]
    ],
    "11": [
      [
        0.026760543418482705,
        0.09800273426758023,
        0.3241453604727426,
        0.2339645842096408,
        0.3171267776315536
      ],
      [
        0.005284426818357589,
        0.03669436999017873,
        0.11522912413765493,
        0.4182616855352285,
        0.42453039351858024
      ],
      [
        0.009235338447084887,
        0.02747078914665179,
        0.16486760105277729,
        0.5847148727748317,
        0.21371139857865443
      ],
      [
        0.01972468764673379,
        0.09240591722805881,
        0.3572472465290593,
        0.4427425211014346,
        0.08787962749471341
      ]
    ],
    "12": [
      [
        0.22554167219763133,
        0.19621994630656373,
        0.10605095150115389,
        0.26120152963189447,
        0.2109859003627567
      ],
      [
        0.2807534119692475,
        0.1595334495317439,
        0.2263585302345306,
        0.1537992771186322,
        0.17955533114584582
      ],
      [
        0.17670735993518466,
        0.22166418217708717,
        0.4059795529985842,
        0.1557630382790672,
        0.03988586661007676
      ],
      [
        0.41123386805798934,
        0.27376247659682557,
        0.19531182478434755,
        0.10758429199850597,
        0.012107538562331644
      ]
    ],
    "15": [
      [
        0.48829530989130243,
        0.1280501305919414,
        0.13081689342745453,
        0.1898006359406284,
        0.06303703014867326
      ],
      [
        0.18226005501930742,
        0.05918746468739687,
        0.26103668027563387,
        0.31607704596253944,
        0.18143875405512247
      ],
      [
        0.11867910529851791,
        0.156874707374157,
        0.3800673088357379,
        0.28077625503769643,
        0.06360262345389082
      ],
      [
        0.3912840887757612,
        0.25055881540825164,
        0.26239693077597037,
        0.0587491482601447,
        0.03701101677987194
      ]
    ],
    "16": [
      [
        0.018960522258554418,
        0.11020746193784228,
        0.16022537057438332,
        0.31228151426980416,
        0.3983251309594158
      ],
      [
        0.022567457311453237,
        0.09829470813702913,
        0.18832879112328313,
        0.3149150282779908,
        0.37589401515024373
      ],
      [
        0.018320293651169158,
        0.06697219752196096,
        0.2736979251989853,
        0.39453724530498674,
        0.24647233832289778
      ],
      [
        0.013331536723012028,
        0.055577928248211464,
        0.31633651285523845,
        0.4234902925167955,
        0.1912637296567425
      ]
    ],
    "17": [
      [
        0.07183330372163091,
        0.16520683174648979,
        0.16352101178470696,
        0.21442212039468822,
        0.3850167323524842
      ],
      [
        0.040925310764227625,
        0.01596484447531051,
        0.09934455881841339,
        0.3559390864701975,
        0.4878261994718509
      ],
      [
        0.01598626340714496,
        0.031713324013463585,
        0.17299739272884831,
        0.38510053770507185,
        0.39420248214547143
      ],
      [
        0.009964838872675913,
        0.038294622416585634,
        0.22822072925730272,
        0.4655384232483274,
        0.25798138620510824
      ]
    ],
    "19": [
      [
        0.33529656872070646,
        0.22291262587360142,
        0.14774011334804618,
        0.13629207626810128,
        0.15775861578954478
      ],
      [
        0.1534339337424578,
        0.16792801835895954,
        0.29012585226804,
        0.23629245003494542,
        0.1522197455955972
      ],
      [
        0.16144256088158354,
        0.1610636251330214,
        0.36939814009897237,
        0.2331616074481167,
        0.074934066438306
      ],
      [
        0.31237707470395554,
        0.36464706241860967,
        0.25399239040718463,
        0.0470282355452401,
        0.021955236925010033
      ]
    ],
    "20": [
      [
        0.19590401698444482,
        0.13997062548446976,
        0.40383343523372817,
        0.19499038790513026,
        0.06530153439222708
      ],
      [
        0.20408367244415274,
        0.09783249523951983,
        0.42554246760412845,
        0.2212565766464037,
        0.0512847880657953
      ],
      [
        0.0982056560513337,
        0.20203499318405693,
        0.48978026947034947,
        0.1933877811899941,
        0.016591300104265835
      ],
      [
        0.1896190399360996,
        0.3741598702942762,
        0.36504688026386517,
        0.05939771502733218,
        0.01177649447842679
      ]
    ],
    "21": [
      [
        0.05391746108614906,
        0.14627403444150194,
        0.2964717923100142,
        0.25098157587714354,
        0.25235513628519135
      ],
      [
        0.007645720152473598,
        0.11800733966018634,
        0.2868555682652337,
        0.3573410257887978,
        0.23015034613330854
      ],
      [
        0.018054131732133265,
        0.07933096306459725,
        0.2846101856729923,
        0.42756120803789416,
        0.190443511492383
      ],
      [
        0.01953601496642434,
        0.09294833408605921,
        0.32389714477180725,
        0.42143901019781205,
        0.14217949597789709
      ]
    ],
    "22": [
      [
        0.15552590118112505,
        0.04922746657845595,
        0.191143474757385,
        0.38596022420780957,
        0.21814293327522455
      ],
      [
        0.025558214387444496,
        0.1939424103460192,
        0.19223739127105308,
        0.3136800446695637,
        0.2745819393259195
      ],
      [
        0.022270429793798455,
        0.0548127965515839,
        0.3504893155158563,
        0.4329515914083235,
        0.13947586673043774
      ],
      [
        0.06196585146042314,
        0.1777338574803109,
        0.4318032701708028,
        0.29349564336053835,
        0.03500137752792476
      ]
    ],
    "24": [
      [
        0.09001261697150696,
        0.1810555686503029,
        0.34272300742748574,
        0.258245875885464,
        0.1279629310652404
      ],
      [
        0.05719460871497411,
        0.14240344281505962,
        0.20597819154591604,
        0.3635748046368319,
        0.2308489522872182
      ],
      [
        0.04512130688772904,
        0.07766731702977393,
        0.34705094104005824,
        0.4199121722392769,
        0.11024826280316187
      ],
      [
        0.10741309737031113,
        0.26543140164762075,
        0.36964809395038106,
        0.20240859693324237,
        0.05509881009844459
      ]
    ],
    "25": [
      [
        0.08244856604790919,
        0.09707313816876319,
        0.2854032716698787,
        0.2627930320689698,
        0.2722819920444791
      ],
      [
        0.1607130918199493,
        0.16962837705337205,
        0.18932717515200476,
        0.2881604893510986,
        0.19217086662357533
      ],
      [
        0.0592920864406438,
        0.09199836481558828,
        0.2726701119046858,
        0.34066208922959296,
        0.23537734760948917
      ],
      [
        0.03728205124452325,
        0.07777368688583804,
        0.2298124114948638,
        0.4227497040495064,
        0.23238214632526846
      ]
    ],
    "26": [
      [
        0.23631207724962985,
        0.19709233794675418,
        0.18902839080096287,
        0.2785838472494482,
        0.098983346753205
      ],
      [
        0.16685618932641327,
        0.08342814030663619,
        0.3337133196446332,
        0.20568781035692765,
        0.21031454036538966
      ],
      [
        0.04306666616663181,
        0.05344372424896936,
        0.19316832774047704,
        0.5291759724576695,
        0.1811453093862524
      ],
      [
        0.03491020970885997,
        0.11736309334200191,
        0.28929395435276056,
        0.461061980003613,
        0.09737076259276457
      ]
    ],
    "28": [
      [
        0.1678758578679329,
        0.12008568524983607,
        0.11873309039880087,
        0.41837235095998804,
        0.17493301552344215
      ],
      [
        0.10300985147441348,
        0.05233167079672696,
        0.22449119065532985,
        0.14387686996100854,
        0.4762904171125212
      ],
      [
        0.02535038740395236,
        0.025344534641711176,
        0.08113726402720096,
        0.42431970904317134,
        0.4438481048839643
      ],
      [
        0.008220937874353887,
        0.043530874239751396,
        0.24169090924693978,
        0.41716768555021677,
        0.2893895930887382
      ]
    ],
    "29": [
      [
        0.05237852308056322,
        0.24621238249198082,
        0.3232159969621208,
        0.13643595496561506,
        0.2417571424997201
      ],
      [
        0.10372827704194289,
        0.05477938899623434,
        0.13291975880528623,
        0.23024470940105296,
        0.47832786575548375
      ],
      [
        0.03566137433729734,
        0.07323089202103224,
        0.12659954540192858,
        0.2852674659579755,
        0.47924072228176645
      ],
      [
        0.01909731681557998,
        0.05460759477437827,
        0.16501894838145667,
        0.38464675704995444,
        0.37662938297863063
      ]
    ],
    "32": [
      [
        0.055743806160099794,
        0.08055157051687327,
        0.1500563635398611,
        0.20371192919804457,
        0.5099363305851212
      ],
      [
        0.06817605223215709,
        0.131707439474828,
        0.1935788854049996,
        0.25011322159480537,
        0.35642440129320996
      ],
      [
        0.012030243514758595,
        0.07028377849208688,
        0.17148722434749045,
        0.373909238849437,
        0.3722895147962271
      ],
      [
        0.00691591125968988,
        0.06341715621345323,
        0.22061888681946165,
        0.43478146843152193,
        0.2742665772758733
      ]
    ],
    "34": [
      [
        0.2318659247833374,
        0.14285730396424395,
        0.15607973217383783,
        0.30712158626680114,
        0.16207545281177968
      ],
      [
        0.03715996949965389,
        0.07039147165665564,
        0.23972829132326934,
        0.3272198537484923,
        0.3255004137719289
      ],
      [
        0.024572264722108952,
        0.06329994169402231,
        0.18693623219740726,
        0.3788167577854971,
        0.34637480360096423
      ],
      [
        0.022353983109554297,
        0.06441210732599939,
        0.1883448797172044,
        0.4053503950846806,
        0.3195386347625613
      ]
    ],
    "36": [
      [
        0.03367762482663475,
        0.06672959840100781,
        0.258097760114046,
        0.32745183754369717,
        0.3140431791146144
      ],
      [
        0.04095608582049769,
        0.010497015574858317,
        0.22372224103414698,
        0.394343490052187,
        0.33048116751830986
      ],
      [
        0.0051732521921101044,
        0.0638760851119619,
        0.2483043535077234,
        0.4233242857607575,
        0.25932202342744715
      ],
      [
        0.005062281510786611,
        0.043503067723198674,
        0.21907023594822794,
        0.43779354050827485,
        0.29457087430951184
      ]
    ],
    "39": [
      [
        0.13003520253313205,
        0.15513876730148823,
        0.24202414575568165,
        0.33113860153196006,
        0.1416632828777381
      ],
      [
        0.05696332004634008,
        0.08662858892793723,
        0.21941822897056504,
        0.4072560414561188,
        0.22973382059903893
      ],
      [
        0.027686846413575692,
        0.08317167954503012,
        0.27039970503240823,
        0.4358677065684767,
        0.18287406244050927
      ],
      [
        0.025673078890438877,
        0.07495602741152907,
        0.3065461832348661,
        0.44770953618189135,
        0.14511517428127454
      ]
    ],
    "41": [
      [
        0.15437725372036395,
        0.07817054407966022,
        0.20887728618612864,
        0.27334793186636497,
        0.2852269841474823
      ],
      [
        0.07112900621237372,
        0.0883945155053405,
        0.35120782213004,
        0.2145598256034248,
        0.274708830548821
      ],
      [
        0.04087318700749372,
        0.04666846544595372,
        0.2076575499327589,
        0.4419648663944901,
        0.26283593121930365
      ],
      [
        0.011180232714596533,
        0.056089442383136956,
        0.13644944342929796,
        0.5616308673244533,
        0.23465001414851527
      ]
    ],
    "42": [
      [
        0.14967619264350102,
        0.13580641762561121,
        0.1434842432645906,
        0.3967987542189864,
        0.17423439224731072
      ],
      [
        0.056083671780801585,
        0.22863824402971833,
        0.36652076402747025,
        0.16125614397212357,
        0.1875011761898863
      ],
      [
        0.16832579731867076,
        0.17067153766251508,
        0.3191222639001483,
        0.27602584736891383,
        0.06585455374975195
      ],
      [
        0.08185027771677658,
        0.29030858829895456,
        0.44595681768840545,
        0.15757136401520938,
        0.024312952280653916
      ]
    ],
    "43": [
      [
        0.12826357204219105,
        0.1182934379442367,
        0.3006957684635864,
        0.24449041490852197,
        0.20825680664146398
      ],
      [
        0.06601197279340852,
        0.06633469504171521,
        0.22668682081796104,
        0.5005108042080335,
        0.14045570713888175
      ],
      [
        0.04990187104031164,
        0.131871331875989,
        0.3611099214084826,
        0.29327631035137,
        0.16384056532384694
      ],
      [
        0.031529273792663653,
        0.13673292053854866,
        0.3476277514652593,
        0.3829947725587045,
        0.10111528164482383
      ]
    ],
    "44": [
      [
        0.08892106846398501,
        0.08148518424606221,
        0.4090945866839968,
        0.32581473692573226,
        0.09468442368022367
      ],
      [
        0.07532493938222334,
        0.22868580401862465,
        0.3046788023824679,
        0.1900351060232811,
        0.2012753481934029
      ],
      [
        0.0644891153604355,
        0.18564406012485538,
        0.39358121893028153,
        0.31764053096165934,
        0.0386450746227682
      ],
      [
        0.20694561982103313,
        0.309276209366812,
        0.33417207770454455,
        0.13696417518884896,
        0.012641917918761313
      ]
    ],
    "45": [
      [
        0.08083689391909425,
        0.16492200481444505,
        0.296687520315065,
        0.30248548952382115,
        0.15506809142757444
      ],
      [
        0.08457338135738675,
        0.4058725921495103,
        0.13813137889671992,
        0.24383550892905884,
        0.12758713866732407
      ],
      [
        0.04663175042275873,
        0.13801391725321455,
        0.3993502824397599,
        0.28565080756832567,
        0.1303532423159412
      ],
      [
        0.018878840632694717,
        0.1422755915266751,
        0.28842062241019767,
        0.40592492730617624,
        0.14450001812425636
      ]
    ],
    "46": [
      [
        0.09826420912730317,
        0.19639324380019307,
        0.2218636706531756,
        0.3852146454284261,
        0.09826423099090194
      ],
      [
        0.03460797757309972,
        0.06582388840421524,
        0.305273334437073,
        0.39929486839804623,
        0.1949999311875658
      ],
      [
        0.05940061386077019,
        0.1125771542891966,
        0.3863093322977613,
        0.34068045060985147,
        0.10103244894242043
      ],
      [
        0.1043907305137218,
        0.21309677789024406,
        0.4936625394225236,
        0.15693301042860197,
        0.031916941744908625
      ]
    ],
    "47": [
      [
        0.0307126601792721,
        0.053228281047519976,
        0.1347505146369975,
        0.21954656867150285,
        0.5617619754647075
      ],
      [
        0.07115670362151408,
        0.049364616539317584,
        0.1464042018678606,
        0.3172490953040521,
        0.4158253826672556
      ],
      [
        0.016344769936710437,
        0.03747190631540526,
        0.12000910862126642,
        0.32013118933187396,
        0.5060430257947438
      ],
      [
        0.01540336154079656,
        0.05044162886497428,
        0.17113065179081832,
        0.44959073649188075,
        0.3134336213115301
      ]
    ],
    "50": [
      [
        0.01544914430648194,
        0.03431644749186368,
        0.054853521192801305,
        0.2035631621527968,
        0.6918177248560562
      ],
      [
        0.026305834048816576,
        0.036073509982660124,
        0.12436903473013398,
        0.2149470859923282,
        0.5983045352460612
      ],
      [
        0.005516561405360571,
        0.018184794292300493,
        0.06871786509125023,
        0.23612513591787568,
        0.6714556432932131
      ],
      [
        0.0037818013679258196,
        0.016131045488883965,
        0.0794816322834124,
        0.2832382525858862,
        0.6173672682738915
      ]
    ],
    "52": [
      [
        0.11875238283974775,
        0.10392028262708869,
        0.16913696344118104,
        0.288717805306035,
        0.31947256578594746
      ],
      [
        0.029006416297279215,
        0.13593703336380691,
        0.16377436453261413,
        0.40068043232567135,
        0.2706017534806284
      ],
      [
        0.04727295028687789,
        0.05913329921723534,
        0.2654379774048751,
        0.43670386148521523,
        0.1914519116057965
      ],
      [
        0.012956826940811898,
        0.09978814369218458,
        0.31415144619380025,
        0.43605931453534497,
        0.13704426863785832
      ]
    ],
    "58": [
      [
        0.029725804486736354,
        0.12831966116724883,
        0.11410873745468816,
        0.252140761127334,
        0.4757050357639926
      ],
      [
        0.04307631767475934,
        0.08031708703310811,
        0.13793969907248324,
        0.29624918000525935,
        0.44241771621438997
      ],
      [
        0.01767308138485526,
        0.01779931918375178,
        0.1677879050308204,
        0.4170651754592499,
        0.3796745189413226
      ],
      [
        0.012447944446695397,
        0.03559878836790944,
        0.21376956083079288,
        0.3758648306210533,
        0.36231887573354904
      ]
    ],
    "60": [
      [
        0.3637295101567423,
        0.16705339466950378,
        0.16205712348985232,
        0.25521631623186025,
        0.05194365545204134
      ],
      [
        0.06433376802424814,
        0.07934733650277509,
        0.302294363502159,
        0.3889984340192102,
        0.16502609795160772
      ],
      [
        0.043645897935001295,
        0.1253083730507463,
        0.35915461571293145,
        0.3733298269854971,
        0.09856128631582392
      ],
      [
        0.05401389146325688,
        0.202419344642568,
        0.4451942520032779,
        0.2565011286335015,
        0.04187138325739583
      ]
    ],
    "62": [
      [
        0.07180298989612684,
        0.1788446060511399,
        0.12205471829831362,
        0.4110640902757091,
        0.2162335954787105
      ],
      [
        0.04810324139645569,
        0.05296862380865484,
        0.09436675530950224,
        0.4006450884696449,
        0.4039162910157423
      ],
      [
        0.02095973939497184,
        0.054308434188457086,
        0.14836088990374915,
        0.4792075666916129,
        0.29716336982120906
      ],
      [
        0.05531897041908255,
        0.10276934411953999,
        0.3561747201343573,
        0.39181494211967877,
        0.09392202320734137
      ]
    ],
    "69": [
      [
        0.15307138548542729,
        0.17447487848462695,
        0.14777877464176445,
        0.1421943218588689,
        0.38248063952931244
      ],
      [
        0.060776405783291534,
        0.0866939526316524,
        0.21250988315599492,
        0.3116137634058686,
        0.32840599502319257
      ],
      [
        0.01746619887441676,
        0.07500153778615865,
        0.22002650080755654,
        0.42505856045494633,
        0.2624472020769218
      ],
      [
        0.0496247861364465,
        0.08453292656317418,
        0.326741754996102,
        0.38425115761920514,
        0.15484937468507218
      ]
    ],
    "70": [
      [
        0.07720275579125775,
        0.1909994387014875,
        0.20755951239287168,
        0.3233491136131796,
        0.20088917950120333
      ],
      [
        0.12468891891007154,
        0.12072457365213528,
        0.22385032217106604,
        0.23884039982045038,
        0.29189578544627665
      ],
      [
        0.10233238534206819,
        0.14542337114142026,
        0.2198467424581772,
        0.36069202528268807,
        0.17170547577564627
      ],
      [
        0.1029988084298279,
        0.24204515670975457,
        0.3364898184620538,
        0.25573970693989595,
        0.0627265094584678
      ]
    ],
    "71": [
      [
        0.15276683238472005,
        0.1537575167724623,
        0.15279189754888733,
        0.3878974738982499,
        0.15278627939568035
      ],
      [
        0.272043565339604,
        0.36313940645328063,
        0.18265101845284315,
        0.0910918458453497,
        0.09107416390892253
      ],
      [
        0.06276153406577395,
        0.3111082045173801,
        0.3783767097147245,
        0.21647999142576518,
        0.03127356027635628
      ],
      [
        0.5338495438063942,
        0.2677397107686449,
        0.16505147686105576,
        0.01667977651183418,
        0.016679492052071043
      ]
    ],
    "73": [
      [
        0.28605451848256186,
        0.17315522764102592,
        0.2516418872158745,
        0.12768150404905254,
        0.1614668626114852
      ],
      [
        0.018884063386255843,
        0.055567394674447906,
        0.15341433651227843,
        0.39857833494601524,
        0.3735558704810027
      ],
      [
        0.034653451308377894,
        0.05887379429809708,
        0.18133952357062477,
        0.5169537733586979,
        0.20817945746420233
      ],
      [
        0.042828536198728465,
        0.0800388938998012,
        0.28956614457851565,
        0.3123672457562555,
        0.27519917956669926
      ]
    ],
    "76": [
      [
        0.16492644553622565,
        0.21010311163722215,
        0.24735206060403117,
        0.21357800937832871,
        0.1640403728441923
      ],
      [
        0.15289018882008354,
        0.23685741525858187,
        0.31238697130032694,
        0.14084294718518137,
        0.1570224774358264
      ],
      [
        0.04413838896778052,
        0.24627025940194386,
        0.45035299079065516,
        0.17877098497487018,
        0.08046737586475024
      ],
      [
        0.1358116775995146,
        0.2786900809533997,
        0.34786562194977383,
        0.19478707278822105,
        0.0428455467090909
      ]
    ],
    "79": [
      [
        0.08688641326457962,
        0.07803367495038864,
        0.36810414428838073,
        0.3889421036400806,
        0.07803366385657036
      ],
      [
        0.14704053984520532,
        0.07538761547963317,
        0.3185656988151903,
        0.25377497939868665,
        0.20523116646128456
      ],
      [
        0.1138207578620901,
        0.2378956486202793,
        0.38715916169139775,
        0.23397372193412758,
        0.027150709892105402
      ],
      [
        0.2190138646209332,
        0.37067292277689,
        0.328527461762019,
        0.06594588270550004,
        0.015839868134657684
      ]
    ],
    "81": [
      [
        0.1167326312597131,
        0.08159788269147053,
        0.3156054156711814,
        0.2792342370718423,
        0.20682983330579255
      ],
      [
        0.2256916704833319,
        0.07719026033860868,
        0.15299309076260953,
        0.44282151396734853,
        0.1013034644481013
      ],
      [
        0.09780161670966465,
        0.21913533748264952,
        0.16168283748696932,
        0.3862027851366319,
        0.13517742318408468
      ],
      [
        0.10474775517003904,
        0.17633458500922647,
        0.32136230923236303,
        0.3170861719663561,
        0.08046917862201543
      ]
    ],
    "82": [
      [
        0.16728946898388444,
        0.08738441261128842,
        0.17074132051778618,
        0.2676927410833259,
        0.30689205680371506
      ],
      [
        0.095677966952475,
        0.09567796809701051,
        0.09842115473014272,
        0.15236091565221957,
        0.5578619945681523
      ],
      [
        0.050650466084668215,
        0.04690239969677264,
        0.273633278003699,
        0.38375208995766885,
        0.2450617662571913
      ],
      [
        0.030454826431789928,
        0.12173722893606205,
        0.2764153582366184,
        0.24545369672232273,
        0.32593888967320694
      ]
    ],
    "85": [
      [
        0.16057574200417316,
        0.2205770917438316,
        0.1619336249408286,
        0.3764420566588223,
        0.0804714846523442
      ],
      [
        0.08293887230870928,
        0.14172620806356848,
        0.24691225224877472,
        0.26276067618997273,
        0.26566199118897466
      ],
      [
        0.06174399527255284,
        0.09871438471389396,
        0.2877017957104704,
        0.41736482039537326,
        0.13447500390770967
      ],
      [
        0.04391986635442284,
        0.15033832996743957,
        0.31074371336664647,
        0.3913988709005656,
        0.10359921941092548
      ]
    ],
    "86": [
      [
        0.16023774007012115,
        0.09814993523887804,
        0.1078886477314774,
        0.4583613904800927,
        0.17536228647943075
      ],
      [
        0.03674754010203418,
        0.07870049046621383,
        0.2925248967433595,
        0.30640626611590427,
        0.28562080657248823
      ],
      [
        0.056616806344372876,
        0.05630616970013023,
        0.4024786020468604,
        0.3867316871956145,
        0.09786673471302187
      ],
      [
        0.03085882480464155,
        0.1413133371482735,
        0.46583136690786536,
        0.2932732173446269,
        0.06872325379459274
      ]
    ],
    "88": [
      [
        0.05700991140590011,
        0.07849250614236128,
        0.2503047598678513,
        0.4422359724589358,
        0.1719568501249516
      ],
      [
        0.04015929244055617,
        0.21218470444168427,
        0.22293720762837255,
        0.32727352161153184,
        0.1974452738778553
      ],
      [
        0.033336954380327355,
        0.193739085742423,
        0.41820574410581235,
        0.28931117224642305,
        0.0654070435250142
      ],
      [
        0.1928718505005865,
        0.216799153623092,
        0.41155153969174174,
        0.1419739805653413,
        0.03680347561923843
      ]
    ],
    "89": [
      [
        0.1770411489413422,
        0.0647032945765966,
        0.24039191766513532,
        0.3419847063255467,
        0.17587893249137915
      ],
      [
        0.09861226225734691,
        0.12269470117219392,
        0.4389453378963482,
        0.2419138085265197,
        0.09783389014759117
      ],
      [
        0.036466202650640524,
        0.09337280288546719,
        0.31905324038615274,
        0.5058999819901687,
        0.04520777208757102
      ],
      [
        0.0693030869658578,
        0.2296148406177389,
        0.5387609371021348,
        0.15234520420175374,
        0.009975931112514685
      ]
    ],
    "94": [
      [
        0.17119115246536126,
        0.16386514937326765,
        0.31668585141731964,
        0.15667335348222272,
        0.1915844932618286
      ],
      [
        0.05832090751413149,
        0.05881534362434635,
        0.2777265883825012,
        0.3661386389995066,
        0.23899852147951434
      ],
      [
        0.019909414086304422,
        0.10155779395879955,
        0.28711479926819383,
        0.2876001253529337,
        0.3038178673337684
      ],
      [
        0.016267530110531534,
        0.10554585614229206,
        0.2856369160902682,
        0.3777896013585822,
        0.21476009629832604
      ]
    ],
    "95": [
      [
        0.07335390199141595,
        0.17695746936358533,
        0.30135836418909695,
        0.26460950482956536,
        0.1837207596263364
      ],
      [
        0.08263215144190345,
        0.1883902535406652,
        0.25282027421171965,
        0.3093568516586958,
        0.16680046914701596
      ],
      [
        0.06129062739539771,
        0.12637312866805478,
        0.4081177337417933,
        0.3648690755105803,
        0.039349434684174005
      ],
      [
        0.16620807714584693,
        0.3259491201154382,
        0.36749825928009733,
        0.13324454958814907,
        0.007099993870468523
      ]
    ],
    "101": [
      [
        0.07019165933177579,
        0.14982389055113485,
        0.102332727963456,
        0.21056514842225835,
        0.467086573731375
      ],
      [
        0.05415484396404931,
        0.14669751826016195,
        0.27207124677034006,
        0.245453001667563,
        0.2816233893378857
      ],
      [
        0.03303126597183787,
        0.0765771132273783,
        0.22970002615244675,
        0.33080617082942293,
        0.32988542381891406
      ],
      [
        0.013835405873914804,
        0.07049605161757908,
        0.23617855376848335,
        0.44282355306402443,
        0.23666643567599827
      ]
    ],
    "104": [
      [
        0.09297130372319604,
        0.11898006861010994,
        0.06558010517557011,
        0.25449939633176055,
        0.46796912615936326
      ],
      [
        0.06487533358549005,
        0.07118677048363087,
        0.1308327839172343,
        0.33182978676472086,
        0.4012753252489239
      ],
      [
        0.03171438376616428,
        0.05779074386781646,
        0.188422211316611,
        0.4637663724822574,
        0.2583062885671508
      ],
      [
        0.09029157731620377,
        0.1922697142935641,
        0.29341836537491534,
        0.33376979773804927,
        0.09025054527726745
      ]
    ],
    "105": [
      [
        0.14628116251199708,
        0.1412093807895476,
        0.19881696436571694,
        0.3180125157456907,
        0.19567997658704764
      ],
      [
        0.03877521211213494,
        0.12746238050078443,
        0.26271524758441606,
        0.2962074824823923,
        0.2748396773202722
      ],
      [
        0.04806629000862439,
        0.12075079550171511,
        0.3962252672224353,
        0.3060539256239814,
        0.12890372164324368
      ],
      [
        0.12276396939897861,
        0.16858456712331515,
        0.34632868312424225,
        0.2854694292208307,
        0.07685335113263338
      ]
    ],
    "110": [
      [
        0.032430460327501104,
        0.04002623142812179,
        0.12124766906041216,
        0.2078276983617819,
        0.5984679408221831
      ],
      [
        0.020209610838112804,
        0.042878017177364884,
        0.09310511052575862,
        0.22033105123363372,
        0.6234762102251299
      ],
      [
        0.005154824473823358,
        0.023879005585820394,
        0.07915819969848305,
        0.29709250617962274,
        0.5947154640622503
      ],
      [
        0.020272559787221704,
        0.048454157524333234,
        0.20054281635996873,
        0.3828092367155421,
        0.34792122961293426
      ]
    ],
    "111": [
      [
        0.011700352863193427,
        0.07731061425537804,
        0.09764916756247946,
        0.37150391062521787,
        0.4418359546937312
      ],
      [
        0.045826904997462614,
        0.1533215478743213,
        0.17445808682545375,
        0.3036711359039739,
        0.32272232439878845
      ],
      [
        0.020294069164441642,
        0.031139729299729798,
        0.2111014410777971,
        0.409337702983497,
        0.3281270574745345
      ],
      [
        0.00872707887165703,
        0.025483399158234738,
        0.13318755010598554,
        0.36091360021707947,
        0.47168837164704325
      ]
    ],
    "112": [
      [
        0.10878062495025119,
        0.20171748545555454,
        0.36203655234557575,
        0.1818411810552237,
        0.14562415619339478
      ],
      [
        0.023723499294936282,
        0.026425237134473877,
        0.2724779520067821,
        0.33760890871575644,
        0.3397644028480512
      ],
      [
        0.025585453804094407,
        0.06732354771750783,
        0.32877224919187675,
        0.4616748481774295,
        0.11664390110909166
      ],
      [
        0.051638320247844295,
        0.11520319625367921,
        0.3638835726481461,
        0.3986119350825102,
        0.07066297576782024
      ]
    ],
    "140": [
      [
        0.22656711452907682,
        0.13896467313262004,
        0.10140206426556696,
        0.24902327758292905,
        0.2840428704898071
      ],
      [
        0.030776720988384233,
        0.061416677192180406,
        0.28827242616050913,
        0.37515338347933364,
        0.24438079217959274
      ],
      [
        0.07997704521070106,
        0.07209746258219063,
        0.3130482759996576,
        0.37411520679370674,
        0.16076200941374397
      ],
      [
        0.1406957626886296,
        0.26919421386224995,
        0.3855013744304772,
        0.1904528857625013,
        0.014155763256142144
      ]
    ],
    "141": [
      [
        0.08869058529083845,
        0.19873456054843136,
        0.19025998346584141,
        0.22985107351109288,
        0.29246379718379595
      ],
      [
        0.018670571168570994,
        0.06158915777141258,
        0.2273464618104425,
        0.4301175547927027,
        0.2622762544568713
      ],
      [
        0.029850545720226072,
        0.06644354319125882,
        0.2735763488644231,
